TILEMAP
41 10 							-- Size of tile map in tiles
32 63 32 63						-- Tile size & block size
images/FrontTiles_2.png       -- Tilesheet
8 1							    -- Number of tiles in tilesheet 
1568                               -- offset
0 0 0 0 0 0 0 0 0 0 0 0 0 0 0 0 0 0 1569 1573 0 0 0 0 1569 0 0 0 0 0 0 0 0 0 0 0 0 0 0 0 0 
0 0 0 0 0 0 0 0 0 0 0 0 0 0 0 0 0 0 1569 0 0 0 0 0 1569 0 0 0 0 0 0 0 0 0 0 0 0 0 0 0 0 
0 1569 1573 0 0 0 0 1569 0 1569 0 0 0 0 1569 0 0 0 0 0 0 0 0 0 0 0 0 0 0 0 0 0 0 0 0 0 0 0 0 0 0 
0 0 0 0 0 0 0 0 0 0 0 1570 0 0 0 0 0 1570 0 0 0 0 0 0 0 0 0 0 0 0 0 0 0 0 0 0 0 0 0 0 0 
0 0 0 0 0 0 0 0 0 0 0 1571 0 0 0 0 0 1571 0 0 1569 0 0 1569 0 0 0 0 0 0 0 0 0 0 0 0 1569 0 0 0 0 
0 0 0 0 0 0 0 0 0 0 0 0 0 0 0 0 0 0 0 0 1569 0 0 1569 0 0 1569 0 0 1575 1575 0 1569 0 0 0 0 0 0 0 0 
0 0 0 0 0 0 0 0 0 0 0 0 0 0 0 0 0 0 0 0 0 0 0 0 0 0 0 0 0 0 0 0 0 0 0 0 0 0 0 0 0 
0 0 0 0 0 0 0 0 0 0 0 0 0 0 0 0 0 0 0 0 0 0 0 0 0 0 0 0 0 0 0 0 0 0 0 0 0 0 0 0 0 
0 0 0 0 0 0 0 0 0 0 0 0 0 0 0 0 0 0 0 0 0 0 0 0 0 0 0 0 0 0 0 0 0 0 0 0 0 0 0 0 0 
0 0 0 0 0 0 0 0 0 0 0 0 0 0 0 0 0 0 0 0 0 0 0 0 0 0 0 0 0 0 0 0 0 0 0 0 0 0 0 0 0